1,444,387.83,158.47,100.51,182.14,1,-1,-1,-1
1,443,477.42,133.57,60.97,206.67,1,-1,-1,-1
2,444,415.57,156.44,91.03,180.40,1,-1,-1,-1
2,443,499.91,136.94,64.18,207.70,1,-1,-1,-1
3,444,423.52,157.99,85.95,179.82,1,-1,-1,-1
3,443,500.92,125.44,67.83,208.26,1,-1,-1,-1
4,444,436.54,153.57,84.67,188.92,1,-1,-1,-1
4,443,514.20,133.49,62.46,207.22,1,-1,-1,-1
5,444,453.58,154.32,74.00,185.24,1,-1,-1,-1
5,443,522.13,126.29,73.69,220.39,1,-1,-1,-1
6,444,462.44,155.01,79.30,187.09,1,-1,-1,-1
6,443,534.99,137.71,69.92,214.00,1,-1,-1,-1
7,444,477.45,150.89,76.65,191.50,1,-1,-1,-1
7,443,548.71,138.48,67.79,208.48,1,-1,-1,-1
8,444,490.84,153.68,73.22,184.48,1,-1,-1,-1
8,443,558.53,139.62,64.18,200.59,1,-1,-1,-1
9,444,504.86,160.02,70.40,183.50,1,-1,-1,-1
9,443,574.82,139.72,60.21,199.61,1,-1,-1,-1
10,444,520.50,156.07,72.09,186.34,1,-1,-1,-1
10,443,583.58,135.56,60.92,200.21,1,-1,-1,-1
11,444,531.41,157.16,75.56,185.90,1,-1,-1,-1
11,443,600.16,143.22,60.16,197.30,1,-1,-1,-1
12,444,546.49,155.30,78.31,190.25,1,-1,-1,-1
12,443,613.74,146.24,60.93,199.48,1,-1,-1,-1
13,444,559.85,154.16,88.45,199.84,1,-1,-1,-1
13,443,627.82,149.33,64.08,201.97,1,-1,-1,-1
14,445,257.83,133.24,74.49,177.39,1,-1,-1,-1
14,444,574.08,157.13,85.97,198.52,1,-1,-1,-1
14,443,642.70,151.60,60.87,203.93,1,-1,-1,-1
15,446,492.85,138.56,32.72,59.98,1,-1,-1,-1
15,445,272.46,135.35,73.85,164.54,1,-1,-1,-1
15,444,591.85,153.14,83.97,203.20,1,-1,-1,-1
15,443,654.87,151.05,63.37,207.44,1,-1,-1,-1
16,445,280.98,139.74,78.83,179.32,1,-1,-1,-1
16,444,594.36,151.38,84.48,203.30,1,-1,-1,-1
16,443,662.97,148.59,66.34,211.64,1,-1,-1,-1
17,445,292.59,126.38,85.32,202.62,1,-1,-1,-1
17,444,601.91,146.69,100.03,211.37,1,-1,-1,-1
17,443,677.36,145.44,70.36,212.10,1,-1,-1,-1
18,448,492.30,131.73,36.24,71.15,1,-1,-1,-1
18,445,306.32,122.43,91.64,213.10,1,-1,-1,-1
18,444,611.62,147.23,99.39,213.82,1,-1,-1,-1
18,443,691.98,147.86,71.12,214.31,1,-1,-1,-1
19,445,307.42,104.67,102.55,229.63,1,-1,-1,-1
19,444,624.85,150.81,97.25,212.81,1,-1,-1,-1
19,443,701.22,146.18,71.52,212.01,1,-1,-1,-1
20,445,327.98,116.74,93.05,214.38,1,-1,-1,-1
20,444,644.53,149.46,89.90,210.19,1,-1,-1,-1
20,443,714.91,136.49,69.46,209.89,1,-1,-1,-1
21,447,268.68,136.10,80.15,207.17,1,-1,-1,-1
21,445,344.43,122.19,88.56,214.59,1,-1,-1,-1
21,444,657.87,148.95,87.43,213.86,1,-1,-1,-1
21,443,722.91,139.02,75.68,218.41,1,-1,-1,-1
22,452,1026.38,143.84,115.51,228.53,1,-1,-1,-1
22,450,502.59,129.17,40.07,74.11,1,-1,-1,-1
22,447,282.17,137.86,80.96,209.60,1,-1,-1,-1
22,445,356.84,130.71,86.32,212.81,1,-1,-1,-1
22,444,678.91,148.61,98.66,211.72,1,-1,-1,-1
23,452,990.27,146.12,123.50,231.55,1,-1,-1,-1
23,450,509.55,125.93,41.02,74.50,1,-1,-1,-1
23,447,296.73,129.65,80.01,214.44,1,-1,-1,-1
23,445,381.75,126.96,86.29,210.87,1,-1,-1,-1
23,444,696.94,149.26,104.25,213.73,1,-1,-1,-1
24,452,963.45,149.45,116.05,225.84,1,-1,-1,-1
24,450,511.32,133.14,34.91,69.21,1,-1,-1,-1
24,447,309.55,131.03,82.89,213.28,1,-1,-1,-1
24,445,393.81,134.66,84.83,201.64,1,-1,-1,-1
24,444,708.91,146.92,110.54,219.14,1,-1,-1,-1
25,452,933.88,149.79,108.79,215.30,1,-1,-1,-1
25,450,516.11,128.99,31.85,65.46,1,-1,-1,-1
25,447,319.94,122.31,87.23,222.70,1,-1,-1,-1
25,445,394.91,132.41,88.23,200.67,1,-1,-1,-1
25,444,722.36,144.23,103.56,217.90,1,-1,-1,-1
25,443,791.23,146.01,74.86,209.73,1,-1,-1,-1
26,452,913.37,151.99,97.97,210.93,1,-1,-1,-1
26,450,508.94,135.77,36.08,57.21,1,-1,-1,-1
26,447,330.39,122.02,84.53,220.92,1,-1,-1,-1
26,445,421.54,136.90,82.38,194.97,1,-1,-1,-1
26,444,741.62,142.88,99.88,216.64,1,-1,-1,-1
26,443,810.40,142.31,72.31,209.60,1,-1,-1,-1
27,452,891.96,150.83,96.34,212.91,1,-1,-1,-1
27,450,508.78,136.00,33.45,60.11,1,-1,-1,-1
27,447,337.48,122.90,85.03,220.36,1,-1,-1,-1
27,445,436.00,136.31,77.76,195.85,1,-1,-1,-1
27,444,751.56,144.12,106.19,214.87,1,-1,-1,-1
27,443,826.99,138.08,72.80,215.76,1,-1,-1,-1
28,452,862.54,153.99,92.71,211.32,1,-1,-1,-1
28,450,514.18,139.13,32.63,62.68,1,-1,-1,-1
28,447,346.04,123.88,88.90,224.91,1,-1,-1,-1
28,445,445.08,138.55,78.97,194.44,1,-1,-1,-1
28,444,760.18,150.91,115.57,206.62,1,-1,-1,-1
29,450,511.74,142.98,31.27,62.65,1,-1,-1,-1
29,447,364.45,122.80,84.63,224.14,1,-1,-1,-1
29,445,461.85,141.87,74.89,193.17,1,-1,-1,-1
29,444,771.86,156.32,124.49,203.80,1,-1,-1,-1
30,447,376.71,127.45,81.27,223.47,1,-1,-1,-1
30,445,481.81,141.03,71.66,197.42,1,-1,-1,-1
31,447,388.90,132.46,82.77,224.86,1,-1,-1,-1
31,445,494.92,144.91,68.07,195.35,1,-1,-1,-1
31,443,886.81,142.40,94.60,211.69,1,-1,-1,-1
32,447,393.26,128.04,84.59,222.35,1,-1,-1,-1
32,445,505.24,143.63,64.04,192.25,1,-1,-1,-1
32,443,909.14,136.68,89.82,199.76,1,-1,-1,-1
33,447,414.33,126.85,81.54,219.72,1,-1,-1,-1
33,445,521.01,145.38,61.60,195.08,1,-1,-1,-1
33,444,860.80,148.90,117.82,214.07,1,-1,-1,-1
33,443,934.56,144.65,88.05,206.54,1,-1,-1,-1
34,452,728.91,160.07,77.05,197.90,1,-1,-1,-1
34,447,428.89,125.80,77.14,219.65,1,-1,-1,-1
34,445,536.63,144.10,67.39,194.45,1,-1,-1,-1
34,444,893.30,146.19,134.11,220.22,1,-1,-1,-1
35,452,708.14,157.11,80.74,199.01,1,-1,-1,-1
35,447,439.74,121.71,77.83,224.51,1,-1,-1,-1
35,445,547.89,144.95,70.42,198.24,1,-1,-1,-1
35,444,923.32,145.19,138.58,221.32,1,-1,-1,-1
36,452,684.60,154.03,85.29,196.54,1,-1,-1,-1
36,447,453.73,123.30,80.31,228.94,1,-1,-1,-1
36,445,561.02,148.45,70.01,196.52,1,-1,-1,-1
36,444,946.72,141.41,146.06,225.91,1,-1,-1,-1
37,452,667.10,162.12,79.32,193.86,1,-1,-1,-1
37,447,466.33,125.88,79.71,225.16,1,-1,-1,-1
37,445,576.90,156.45,67.42,198.16,1,-1,-1,-1
37,444,967.17,140.70,145.41,227.80,1,-1,-1,-1
38,452,647.20,157.41,73.91,190.29,1,-1,-1,-1
38,447,481.30,130.32,77.15,222.61,1,-1,-1,-1
38,445,589.27,154.95,69.24,197.81,1,-1,-1,-1
38,444,991.91,142.68,143.27,222.63,1,-1,-1,-1
39,447,495.10,134.12,75.22,221.12,1,-1,-1,-1
39,445,606.29,152.34,77.39,203.56,1,-1,-1,-1
39,444,1017.02,139.67,152.38,225.36,1,-1,-1,-1
40,447,516.01,128.64,74.56,214.32,1,-1,-1,-1
40,445,620.17,152.09,81.35,199.35,1,-1,-1,-1
40,444,1049.92,141.62,152.12,223.86,1,-1,-1,-1
41,447,526.94,141.85,76.68,217.21,1,-1,-1,-1
41,445,635.86,148.15,80.95,199.98,1,-1,-1,-1
41,444,1070.17,139.74,153.51,218.46,1,-1,-1,-1
42,447,541.53,141.47,88.64,218.00,1,-1,-1,-1
42,445,646.42,146.87,77.26,199.86,1,-1,-1,-1
42,444,1094.86,139.27,143.72,221.25,1,-1,-1,-1
43,447,550.72,141.08,88.52,213.97,1,-1,-1,-1
43,445,666.27,153.82,74.84,200.54,1,-1,-1,-1
43,444,1121.77,145.69,126.58,216.86,1,-1,-1,-1
44,447,581.07,137.46,79.97,212.05,1,-1,-1,-1
44,445,675.18,150.06,83.66,209.67,1,-1,-1,-1
44,444,1147.26,140.54,106.28,217.53,1,-1,-1,-1
45,447,593.18,134.57,82.39,222.44,1,-1,-1,-1
45,445,691.42,153.49,85.33,206.11,1,-1,-1,-1
46,447,613.70,135.77,80.33,221.76,1,-1,-1,-1
46,445,707.38,152.56,87.20,206.82,1,-1,-1,-1
47,456,484.90,152.72,58.39,163.93,1,-1,-1,-1
47,447,631.14,128.86,80.28,229.11,1,-1,-1,-1
47,445,719.22,152.64,88.42,210.01,1,-1,-1,-1
48,456,458.55,145.30,60.63,177.39,1,-1,-1,-1
48,447,641.47,132.87,89.98,229.26,1,-1,-1,-1
48,445,733.52,147.64,87.51,214.36,1,-1,-1,-1
49,457,551.86,137.72,29.86,76.01,1,-1,-1,-1
49,456,429.93,144.52,76.94,184.68,1,-1,-1,-1
49,447,663.31,129.50,89.95,235.19,1,-1,-1,-1
49,445,753.11,142.84,88.05,217.04,1,-1,-1,-1
50,456,410.60,145.49,78.15,185.50,1,-1,-1,-1
50,447,680.73,125.41,87.35,239.42,1,-1,-1,-1
50,445,767.78,139.18,90.00,218.88,1,-1,-1,-1
51,459,582.78,136.01,31.99,73.62,1,-1,-1,-1
51,456,386.63,133.76,82.46,195.78,1,-1,-1,-1
51,447,697.44,120.04,91.16,245.76,1,-1,-1,-1
51,445,789.36,138.06,89.14,224.03,1,-1,-1,-1
52,461,513.56,130.78,26.48,78.85,1,-1,-1,-1
52,459,580.86,142.16,35.10,78.59,1,-1,-1,-1
52,456,367.00,138.10,83.45,196.01,1,-1,-1,-1
52,447,710.68,112.70,98.02,253.56,1,-1,-1,-1
52,445,817.92,139.21,86.43,222.30,1,-1,-1,-1
53,461,510.93,134.30,26.87,74.07,1,-1,-1,-1
53,459,579.76,147.87,34.82,78.18,1,-1,-1,-1
53,457,527.85,133.58,34.35,80.62,1,-1,-1,-1
53,456,334.68,120.38,102.43,221.92,1,-1,-1,-1
53,447,727.12,113.64,99.60,252.88,1,-1,-1,-1
53,445,843.85,136.96,85.07,222.75,1,-1,-1,-1
54,463,564.25,139.64,28.26,78.44,1,-1,-1,-1
54,461,511.80,137.37,26.25,69.07,1,-1,-1,-1
54,459,581.98,142.69,32.66,74.37,1,-1,-1,-1
54,457,526.40,130.06,31.14,76.01,1,-1,-1,-1
54,456,314.94,104.73,113.22,234.62,1,-1,-1,-1
54,447,745.15,118.09,100.99,252.42,1,-1,-1,-1
54,445,865.48,133.57,82.67,221.64,1,-1,-1,-1
55,463,558.50,138.25,26.84,76.34,1,-1,-1,-1
55,457,522.65,129.73,33.69,79.51,1,-1,-1,-1
55,456,304.11,102.35,104.21,229.91,1,-1,-1,-1
55,447,766.81,112.35,102.07,256.59,1,-1,-1,-1
55,445,890.03,135.18,93.65,217.26,1,-1,-1,-1
56,457,525.49,132.50,32.20,76.15,1,-1,-1,-1
56,456,296.64,118.24,94.88,219.46,1,-1,-1,-1
56,447,789.39,110.77,107.19,251.28,1,-1,-1,-1
56,445,913.09,141.69,109.27,215.81,1,-1,-1,-1
57,462,597.58,144.63,36.05,76.98,1,-1,-1,-1
57,456,279.22,120.71,94.34,213.83,1,-1,-1,-1
57,447,814.56,109.43,107.22,255.81,1,-1,-1,-1
57,445,934.02,139.18,111.90,220.32,1,-1,-1,-1
58,464,533.26,134.41,34.84,80.55,1,-1,-1,-1
58,462,599.65,143.66,36.48,79.70,1,-1,-1,-1
58,459,581.91,141.04,34.83,70.24,1,-1,-1,-1
58,456,268.95,128.23,93.21,210.79,1,-1,-1,-1
58,447,838.33,108.14,104.55,258.56,1,-1,-1,-1
58,445,962.92,138.89,118.56,214.12,1,-1,-1,-1
59,464,538.04,130.17,35.22,79.98,1,-1,-1,-1
59,462,599.71,143.64,35.27,78.75,1,-1,-1,-1
59,456,255.22,130.33,88.23,211.71,1,-1,-1,-1
59,447,860.31,109.92,111.64,256.05,1,-1,-1,-1
59,445,989.07,130.66,112.27,212.64,1,-1,-1,-1
60,462,600.96,144.07,36.16,82.58,1,-1,-1,-1
60,456,243.64,130.83,84.14,200.85,1,-1,-1,-1
60,447,892.29,107.26,110.00,259.72,1,-1,-1,-1
60,445,1021.11,133.90,104.70,208.58,1,-1,-1,-1
61,462,604.36,147.65,35.63,82.37,1,-1,-1,-1
61,447,922.81,100.70,114.47,262.65,1,-1,-1,-1
61,445,1051.78,135.63,100.41,201.37,1,-1,-1,-1
62,462,611.37,152.87,36.31,80.37,1,-1,-1,-1
62,447,946.47,98.73,115.75,265.81,1,-1,-1,-1
62,445,1088.45,139.98,97.46,198.03,1,-1,-1,-1
63,464,541.35,136.82,33.55,76.17,1,-1,-1,-1
63,462,610.14,154.40,39.11,83.52,1,-1,-1,-1
63,447,979.74,93.55,121.45,271.49,1,-1,-1,-1
63,445,1124.08,137.41,95.95,206.07,1,-1,-1,-1
64,464,533.56,138.88,32.61,73.30,1,-1,-1,-1
64,462,615.97,151.66,37.79,82.69,1,-1,-1,-1
64,447,1012.65,97.29,121.89,271.36,1,-1,-1,-1
64,445,1152.89,140.37,85.31,210.58,1,-1,-1,-1
65,464,539.16,138.47,32.49,72.66,1,-1,-1,-1
65,462,621.75,147.79,39.94,88.95,1,-1,-1,-1
65,447,1044.81,96.60,126.26,273.10,1,-1,-1,-1
66,463,551.34,135.37,33.91,82.95,1,-1,-1,-1
66,462,626.88,151.57,42.54,93.79,1,-1,-1,-1
66,447,1079.60,92.72,131.41,270.28,1,-1,-1,-1
67,463,547.00,137.41,36.02,82.17,1,-1,-1,-1
67,462,633.43,150.08,46.55,98.06,1,-1,-1,-1
67,447,1115.11,103.23,120.79,267.60,1,-1,-1,-1
68,463,545.99,137.07,34.42,80.61,1,-1,-1,-1
68,462,636.25,151.22,47.34,101.98,1,-1,-1,-1
68,459,565.39,135.46,34.69,84.71,1,-1,-1,-1
68,447,1148.37,123.23,101.98,259.51,1,-1,-1,-1
69,463,540.92,138.34,32.33,80.24,1,-1,-1,-1
69,462,637.49,148.21,48.83,107.66,1,-1,-1,-1
69,459,559.99,136.94,35.59,86.33,1,-1,-1,-1
70,463,545.87,136.86,31.01,77.48,1,-1,-1,-1
70,462,641.65,146.59,49.23,110.26,1,-1,-1,-1
70,459,567.25,138.29,36.43,87.44,1,-1,-1,-1
71,463,546.29,135.75,30.35,76.15,1,-1,-1,-1
71,462,645.47,148.51,49.36,110.91,1,-1,-1,-1
71,459,568.59,134.88,37.69,90.87,1,-1,-1,-1
72,463,540.90,138.51,29.84,73.87,1,-1,-1,-1
72,462,648.98,150.43,49.34,110.94,1,-1,-1,-1
72,459,572.30,132.79,35.18,90.95,1,-1,-1,-1
73,465,592.38,149.23,29.37,73.24,1,-1,-1,-1
73,463,545.16,137.65,29.89,73.30,1,-1,-1,-1
73,462,654.36,150.13,49.59,110.08,1,-1,-1,-1
74,465,593.59,142.35,29.27,74.55,1,-1,-1,-1
74,462,659.68,150.48,51.04,110.87,1,-1,-1,-1
75,465,596.67,140.18,28.19,71.22,1,-1,-1,-1
75,462,668.44,150.37,50.92,108.49,1,-1,-1,-1
76,466,552.42,136.55,41.40,92.71,1,-1,-1,-1
76,465,600.08,144.59,29.49,70.27,1,-1,-1,-1
76,462,674.01,150.21,52.83,112.68,1,-1,-1,-1
77,466,552.35,141.94,37.45,86.75,1,-1,-1,-1
77,465,599.42,153.56,30.05,72.10,1,-1,-1,-1
77,462,685.15,155.33,53.84,112.68,1,-1,-1,-1
78,466,552.71,138.03,39.16,88.03,1,-1,-1,-1
78,465,606.24,145.89,28.95,69.15,1,-1,-1,-1
78,462,689.25,156.21,53.45,113.76,1,-1,-1,-1
79,466,552.67,136.87,38.92,90.89,1,-1,-1,-1
79,465,608.37,141.66,30.66,71.03,1,-1,-1,-1
79,462,696.21,156.00,52.23,121.41,1,-1,-1,-1
80,466,556.88,138.68,38.10,90.62,1,-1,-1,-1
80,465,607.26,147.12,32.10,73.31,1,-1,-1,-1
80,462,701.84,154.81,56.23,123.70,1,-1,-1,-1
81,466,557.23,135.40,38.53,94.60,1,-1,-1,-1
81,465,615.20,147.69,31.52,73.52,1,-1,-1,-1
81,462,708.23,156.20,56.33,127.65,1,-1,-1,-1
82,467,679.64,151.77,33.02,85.62,1,-1,-1,-1
82,466,554.23,134.18,46.65,102.49,1,-1,-1,-1
82,465,619.75,150.95,31.38,72.90,1,-1,-1,-1
82,462,709.66,152.40,62.49,140.85,1,-1,-1,-1
83,467,677.65,143.93,32.28,85.54,1,-1,-1,-1
83,466,552.85,129.62,52.16,101.97,1,-1,-1,-1
83,465,619.45,143.32,34.24,81.29,1,-1,-1,-1
83,462,717.20,152.63,62.35,141.98,1,-1,-1,-1
84,467,683.28,147.41,30.56,82.30,1,-1,-1,-1
84,466,552.08,128.23,50.22,104.73,1,-1,-1,-1
84,465,623.35,148.30,33.23,82.08,1,-1,-1,-1
84,462,730.48,145.45,62.93,152.14,1,-1,-1,-1
85,467,679.89,148.24,33.16,81.18,1,-1,-1,-1
85,466,556.88,129.96,49.16,105.48,1,-1,-1,-1
85,465,631.82,150.80,32.68,79.37,1,-1,-1,-1
85,462,736.04,136.31,67.04,158.56,1,-1,-1,-1
86,467,683.17,156.23,33.66,77.15,1,-1,-1,-1
86,466,554.85,133.09,52.87,106.23,1,-1,-1,-1
86,465,630.62,152.46,35.34,83.68,1,-1,-1,-1
86,462,738.64,142.23,66.60,164.90,1,-1,-1,-1
87,467,688.63,148.81,35.49,84.56,1,-1,-1,-1
87,466,565.41,130.33,49.75,107.85,1,-1,-1,-1
87,465,632.76,149.07,35.13,85.86,1,-1,-1,-1
87,462,749.02,140.79,65.62,168.48,1,-1,-1,-1
88,467,690.62,149.43,34.77,82.03,1,-1,-1,-1
88,466,568.03,124.23,47.34,108.67,1,-1,-1,-1
88,465,635.47,149.06,36.16,87.66,1,-1,-1,-1
88,462,757.43,139.43,66.59,169.88,1,-1,-1,-1
89,467,694.68,153.27,35.30,85.53,1,-1,-1,-1
89,466,567.68,125.01,46.97,112.63,1,-1,-1,-1
89,465,638.06,146.82,35.98,88.19,1,-1,-1,-1
89,462,768.60,140.12,65.19,172.90,1,-1,-1,-1
90,467,690.69,149.51,39.39,86.95,1,-1,-1,-1
90,466,568.64,128.17,48.58,114.19,1,-1,-1,-1
90,465,633.20,150.98,35.54,90.50,1,-1,-1,-1
90,462,783.25,144.49,63.68,176.45,1,-1,-1,-1
91,467,703.15,149.10,39.01,84.47,1,-1,-1,-1
91,466,573.26,129.93,47.25,113.53,1,-1,-1,-1
91,465,638.57,148.61,35.50,91.43,1,-1,-1,-1
91,462,784.27,144.97,66.30,180.11,1,-1,-1,-1
92,467,701.75,144.79,37.70,84.13,1,-1,-1,-1
92,466,574.62,133.26,49.81,114.16,1,-1,-1,-1
92,465,639.67,146.73,36.98,94.39,1,-1,-1,-1
92,462,793.91,144.84,65.16,184.52,1,-1,-1,-1
93,467,706.75,154.40,38.38,84.11,1,-1,-1,-1
93,466,578.08,133.71,52.28,113.95,1,-1,-1,-1
93,465,638.15,147.70,37.65,96.85,1,-1,-1,-1
93,462,808.36,145.97,65.16,188.36,1,-1,-1,-1
94,467,713.93,155.08,42.04,83.97,1,-1,-1,-1
94,466,583.51,131.95,51.92,115.67,1,-1,-1,-1
94,465,635.44,150.01,38.56,90.27,1,-1,-1,-1
94,462,822.46,143.41,68.06,191.14,1,-1,-1,-1
95,467,715.34,155.31,41.54,84.97,1,-1,-1,-1
95,466,586.57,131.29,51.41,114.53,1,-1,-1,-1
95,465,639.81,149.96,39.23,92.28,1,-1,-1,-1
95,462,837.30,137.79,69.81,193.61,1,-1,-1,-1
96,467,717.31,153.14,41.44,90.17,1,-1,-1,-1
96,466,590.61,134.65,49.65,114.86,1,-1,-1,-1
96,465,639.47,152.58,40.53,95.67,1,-1,-1,-1
96,462,851.98,143.82,72.82,195.37,1,-1,-1,-1
97,467,725.68,155.37,42.19,95.25,1,-1,-1,-1
97,466,591.88,132.81,48.62,117.32,1,-1,-1,-1
97,465,643.79,154.34,40.06,97.44,1,-1,-1,-1
97,462,858.98,149.33,78.16,195.37,1,-1,-1,-1
98,467,730.43,152.31,41.67,93.75,1,-1,-1,-1
98,466,596.11,130.59,47.37,120.33,1,-1,-1,-1
98,465,642.30,151.16,39.03,99.16,1,-1,-1,-1
98,462,873.66,146.94,77.66,201.89,1,-1,-1,-1
99,467,732.82,157.48,42.87,94.13,1,-1,-1,-1
99,466,597.90,135.55,45.33,116.40,1,-1,-1,-1
99,465,643.28,152.10,40.63,101.89,1,-1,-1,-1
99,462,894.29,149.38,75.66,200.74,1,-1,-1,-1
100,467,736.13,157.71,42.52,92.16,1,-1,-1,-1
100,466,598.55,132.31,48.24,120.86,1,-1,-1,-1
100,465,643.97,144.93,41.52,108.02,1,-1,-1,-1
100,462,908.69,149.81,74.15,201.70,1,-1,-1,-1
101,467,747.69,156.83,41.67,90.75,1,-1,-1,-1
101,466,603.43,136.59,48.17,124.04,1,-1,-1,-1
101,465,650.26,151.44,41.83,110.26,1,-1,-1,-1
101,462,916.63,151.80,79.71,200.95,1,-1,-1,-1
102,467,747.62,156.31,45.20,92.49,1,-1,-1,-1
102,466,605.91,132.64,49.79,127.67,1,-1,-1,-1
102,465,654.41,151.65,41.54,113.78,1,-1,-1,-1
102,462,931.21,154.58,87.38,205.63,1,-1,-1,-1
103,467,751.18,159.75,45.44,90.78,1,-1,-1,-1
103,466,606.73,137.37,48.67,125.42,1,-1,-1,-1
103,465,663.31,151.90,42.55,114.25,1,-1,-1,-1
103,462,952.37,148.99,88.43,211.72,1,-1,-1,-1
104,467,752.87,161.16,49.37,90.77,1,-1,-1,-1
104,466,612.80,135.32,49.49,132.32,1,-1,-1,-1
104,465,666.18,148.51,41.11,117.30,1,-1,-1,-1
104,462,975.98,142.78,87.00,216.21,1,-1,-1,-1
105,467,757.96,153.54,48.96,92.98,1,-1,-1,-1
105,466,610.02,131.97,50.79,135.74,1,-1,-1,-1
105,465,668.98,149.29,42.87,122.08,1,-1,-1,-1
105,462,992.13,144.07,89.48,220.66,1,-1,-1,-1
106,467,760.63,153.08,48.75,96.18,1,-1,-1,-1
106,466,608.87,130.24,51.74,134.71,1,-1,-1,-1
106,465,673.14,147.76,48.69,134.36,1,-1,-1,-1
106,462,1009.12,144.67,96.45,223.50,1,-1,-1,-1
107,467,766.08,151.66,48.20,102.39,1,-1,-1,-1
107,466,618.85,129.88,51.31,138.82,1,-1,-1,-1
107,465,676.66,150.93,48.98,132.19,1,-1,-1,-1
107,462,1027.33,143.88,102.99,225.79,1,-1,-1,-1
108,467,773.28,148.81,46.20,104.54,1,-1,-1,-1
108,466,619.85,132.83,52.23,143.22,1,-1,-1,-1
108,465,678.77,146.97,47.68,131.48,1,-1,-1,-1
108,462,1051.62,145.11,105.92,226.04,1,-1,-1,-1
109,467,781.88,156.86,48.10,106.38,1,-1,-1,-1
109,466,621.01,131.99,54.05,152.18,1,-1,-1,-1
109,465,682.98,147.61,48.40,136.89,1,-1,-1,-1
109,462,1085.86,140.42,101.37,223.04,1,-1,-1,-1
110,467,785.74,154.61,48.28,108.61,1,-1,-1,-1
110,466,623.46,126.74,53.54,162.58,1,-1,-1,-1
110,465,682.57,149.76,52.23,138.54,1,-1,-1,-1
110,462,1117.02,141.74,99.23,224.99,1,-1,-1,-1
111,467,789.47,156.34,47.20,109.17,1,-1,-1,-1
111,466,628.34,132.79,55.79,164.92,1,-1,-1,-1
111,465,688.84,156.16,50.47,137.15,1,-1,-1,-1
111,462,1130.34,141.99,98.19,226.72,1,-1,-1,-1
112,467,797.83,159.09,49.21,106.34,1,-1,-1,-1
112,466,629.94,132.61,55.55,167.00,1,-1,-1,-1
112,465,696.86,148.79,52.52,144.96,1,-1,-1,-1
112,462,1152.83,148.65,86.79,224.50,1,-1,-1,-1
113,467,800.94,160.84,51.99,107.04,1,-1,-1,-1
113,466,634.48,134.15,53.86,170.38,1,-1,-1,-1
113,465,699.61,149.72,51.93,150.87,1,-1,-1,-1
114,467,810.90,160.24,51.89,112.60,1,-1,-1,-1
114,466,639.93,135.37,56.21,174.82,1,-1,-1,-1
114,465,705.38,145.09,54.66,159.34,1,-1,-1,-1
115,467,813.78,155.50,52.74,114.30,1,-1,-1,-1
115,466,642.75,126.73,58.66,182.94,1,-1,-1,-1
115,465,710.44,146.62,55.05,162.32,1,-1,-1,-1
116,467,823.99,157.63,52.18,117.28,1,-1,-1,-1
116,466,641.02,131.40,62.79,178.73,1,-1,-1,-1
116,465,709.94,147.80,57.04,166.70,1,-1,-1,-1
117,467,830.32,157.03,50.64,115.89,1,-1,-1,-1
117,466,645.69,136.50,64.51,176.48,1,-1,-1,-1
117,465,718.99,152.74,60.44,170.16,1,-1,-1,-1
118,467,843.63,159.78,51.02,112.66,1,-1,-1,-1
118,466,650.96,136.49,65.15,178.63,1,-1,-1,-1
118,465,721.95,151.41,58.76,170.56,1,-1,-1,-1
119,467,848.81,162.36,51.28,118.19,1,-1,-1,-1
119,466,656.75,139.40,63.70,187.16,1,-1,-1,-1
119,465,728.99,150.90,57.08,175.68,1,-1,-1,-1
120,467,854.08,157.83,53.51,128.70,1,-1,-1,-1
120,466,661.38,131.87,63.88,189.05,1,-1,-1,-1
120,465,732.81,153.73,57.43,177.99,1,-1,-1,-1
121,467,862.31,156.93,54.05,131.71,1,-1,-1,-1
121,466,664.84,132.66,62.16,191.47,1,-1,-1,-1
121,465,737.92,151.13,58.17,182.80,1,-1,-1,-1
122,467,873.38,157.35,60.34,135.35,1,-1,-1,-1
122,466,673.08,131.15,63.27,197.24,1,-1,-1,-1
122,465,742.20,151.15,57.88,185.55,1,-1,-1,-1
123,467,885.16,155.52,59.86,134.91,1,-1,-1,-1
123,466,675.53,138.31,64.28,196.43,1,-1,-1,-1
123,465,751.05,153.68,59.29,187.66,1,-1,-1,-1
124,467,897.02,160.39,60.03,140.77,1,-1,-1,-1
124,466,683.50,135.90,62.50,203.42,1,-1,-1,-1
124,465,753.66,154.23,59.46,192.60,1,-1,-1,-1
125,467,904.72,160.76,64.33,143.77,1,-1,-1,-1
125,466,692.39,136.87,66.21,208.96,1,-1,-1,-1
125,465,762.71,155.28,64.98,197.74,1,-1,-1,-1
126,467,918.79,162.68,59.73,148.41,1,-1,-1,-1
126,466,698.08,127.35,69.34,215.03,1,-1,-1,-1
126,465,772.50,158.10,63.86,198.15,1,-1,-1,-1
127,467,931.12,155.23,60.68,152.01,1,-1,-1,-1
127,466,704.19,137.47,75.39,209.33,1,-1,-1,-1
127,465,777.21,162.10,65.98,200.24,1,-1,-1,-1
128,467,942.88,158.02,64.04,152.66,1,-1,-1,-1
128,466,709.38,133.49,74.49,218.83,1,-1,-1,-1
128,465,790.14,160.22,68.36,199.50,1,-1,-1,-1
129,467,955.47,158.98,64.54,158.44,1,-1,-1,-1
129,466,711.15,128.93,77.62,227.75,1,-1,-1,-1
129,465,792.26,163.22,69.50,201.40,1,-1,-1,-1
130,467,970.03,155.68,62.41,154.57,1,-1,-1,-1
130,466,724.18,130.38,75.96,228.25,1,-1,-1,-1
130,465,801.52,164.71,68.39,203.34,1,-1,-1,-1
131,467,979.01,154.39,65.21,161.42,1,-1,-1,-1
131,466,730.51,129.21,76.36,230.12,1,-1,-1,-1
131,465,808.32,161.13,69.20,207.09,1,-1,-1,-1
132,467,991.87,152.30,71.81,159.96,1,-1,-1,-1
132,466,737.48,126.31,77.48,236.75,1,-1,-1,-1
132,465,820.23,159.57,69.33,209.45,1,-1,-1,-1
133,467,1002.18,156.59,77.04,168.20,1,-1,-1,-1
133,466,748.55,129.91,78.80,238.09,1,-1,-1,-1
133,465,830.86,156.89,79.10,212.11,1,-1,-1,-1
134,467,1025.28,154.02,75.08,163.77,1,-1,-1,-1
134,466,757.99,124.76,81.65,242.97,1,-1,-1,-1
134,465,843.29,159.89,81.15,211.38,1,-1,-1,-1
135,467,1038.30,157.90,74.13,169.32,1,-1,-1,-1
135,466,771.59,129.92,82.41,239.51,1,-1,-1,-1
135,465,860.82,156.21,86.92,213.97,1,-1,-1,-1
136,467,1053.83,154.98,77.77,164.46,1,-1,-1,-1
136,466,782.41,124.69,86.48,240.39,1,-1,-1,-1
136,465,873.57,153.51,85.20,211.31,1,-1,-1,-1
137,467,1072.64,157.78,75.79,156.10,1,-1,-1,-1
137,466,784.82,130.58,87.43,239.16,1,-1,-1,-1
137,465,889.57,156.55,84.39,209.54,1,-1,-1,-1
138,467,1088.78,163.38,76.81,165.77,1,-1,-1,-1
138,466,783.64,129.57,96.15,237.85,1,-1,-1,-1
138,465,909.86,158.24,78.46,209.61,1,-1,-1,-1
139,467,1110.17,160.35,78.12,176.43,1,-1,-1,-1
139,466,789.17,123.10,112.43,244.71,1,-1,-1,-1
139,465,925.27,158.89,80.10,205.41,1,-1,-1,-1
140,467,1124.89,154.02,82.93,177.08,1,-1,-1,-1
140,466,800.00,115.05,109.56,248.52,1,-1,-1,-1
140,465,939.16,162.31,88.24,202.21,1,-1,-1,-1
141,467,1139.30,156.89,83.49,176.14,1,-1,-1,-1
141,466,815.66,108.33,112.86,255.71,1,-1,-1,-1
141,465,959.08,164.69,96.74,203.51,1,-1,-1,-1
142,467,1159.37,149.56,74.86,176.23,1,-1,-1,-1
142,466,835.30,109.47,113.76,257.82,1,-1,-1,-1
142,465,982.43,160.68,97.53,206.18,1,-1,-1,-1
143,466,853.77,113.75,111.61,256.82,1,-1,-1,-1
143,465,1005.00,156.86,99.33,210.18,1,-1,-1,-1
144,466,877.29,115.71,113.92,255.96,1,-1,-1,-1
144,465,1039.42,160.24,103.11,209.70,1,-1,-1,-1
145,466,900.30,107.99,116.45,260.57,1,-1,-1,-1
145,465,1075.95,154.83,105.46,213.48,1,-1,-1,-1
